3732
3734
3739
3740
3742
3743
3744
3745
3746
3747
3748
3760
3763
3764
3774
3775
3793
3845
3846
3862
3877
3878
3879
3919
3926
3931
3933
3934
3940
3948
3956
3957
3965
3969
3970
3972
3979
3984
3991
4005
4006
4010
4011
4013
4017
4087
4089
4091
4092
4095
4109
4115
4121
4127
4136
4138
4161
4255
4259
4265
4267
4268
4271
4295
4396
4397
4398
4399
4400
4407
4411
4432
4433
4434
4440
4441
4443
4446
4465
4466
4486
4501
4505
4506
4538
4539
4540
4541
4543
4546
4565
4567
4575
4576
4577
4578
4579
4580
4581
4582

