4587
4588
4590
4596
4598
4599
4600
4618
4624
4633
4636
4637
4638
4641
4652
4657
4658
4660
4661
4663
4664
4665
4666
4667
4669
4670
4671
4672
4673
4674
4677
4704
4706
4707
4708
4710
4711
4713
4714
4724
4732
4754
4755
4767
4772
4773
4781
4782
4783
4785
4792
4796
4797
4800
4830
4832
4873
4874
4875
4877
4890
4894
4921
4931
4935
4940
4942
4943
4947
4949
4951
4954
4956
4966
4978
4995
4996
5025
5026
5027
5028
5029
5031
5032
5033
5038
5039
5040
5041
5045
5046
5047
5048
5049
5050
5052
5053
5054
5055
5056

