5057
5058
5059
5060
5061
5062
5063
5064
5065
5066
5067
5068
5069
5070
5071
5072
5073
5074
5075
5076
5077
5078
5079
5080
5081
5082
5083
5084
5085
5086
5087
5089
5090
5092
5096
5097
5099
5100
5102
5104
5106
5107
5108
5109
5110
5111
5112
5114
5115
5116
5119
5121
5123
5124
5125
5126
5127
5128
5150
5152
5156
5158
5159
5160
5163
5165
5174
5181
5182
5194
5199
5202
5203
5212
5232
5233
5242
5243
5244
5247
5248
5250
5251
5252
5253
5267
5268
5296
5304
5311
5315
5316
5317
5318
5319
5320
5321
5323
5324
5325

