5326
5327
5330
5331
5332
5333
5334
5335
5336
5337
5338
5339
5341
5342
5343
5344
5345
5346
5347
5349
5350
5351
5353
5354
5356
5357
5358
5359
5361
5362
5363
5364
5365
5366
5367
5368
5369
5372
5373
5374
5377
5378
5382
5384
5398
5410
5412
5416
5421
5452
5453
5454
5455
5456
5457
5459
5486
5488
5491
5496
5497
5511
5512
5520
5522
5527
5529
5535
5543
5545
5554
5563
5578
5579
5582
5585
5586
5587
5588
5595
5600
5604
5605
5607
5610
5612
5630
5631
5633
5635
5638
5683
5695
5713
5762
5763
5764
5766
5767
5768

