5769
5770
5777
5778
5779
5781
5782
5784
5786
5787
5788
5790
5791
5802
5803
5804
5805
5806
5810
5812
5813
5815
5816
5817
5819
5820
5821
5822
5823
5825
5826
5827
5829
5832
5835
5837
5838
5839
5840
5841
5844
5847
5849
5850
5851
5854
5856
5874
5875
5876
5877
5879
5880
5881
5891
5898
5899
5900
5902
5903
5904
5905
5906
5907
5908
5909
5913
5957
5960
5962
5967
5970
5971
5978
5986
5997
5999
6000
6004
6009
6010
6021
6022
6023
6024
6026
6029
6039
6046
6087
6089
6090
6091
6092
6093
6094
6095
6096
6097
6100

