6101
6102
6103
6106
6111
6112
6115
6116
6123
6124
6125
6127
6128
6131
6132
6133
6134
6135
6136
6138
6139
6151
6152
6153
6154
6156
6158
6159
6160
6163
6164
6165
6167
6171
6172
6174
6176
6177
6178
6181
6184
6185
6186
6187
6188
6189
6192
6194
6196
6199
6207
6208
6209
6214
6215
6216
6218
6219
6221
6223
6226
6227
6233
6240
6250
6252
6414
6432
6438
6498
6499
6503
6507
6513
6515
6520
6521
6523
6525
6526
6528
6531
6532
6533
6535
6568
6573
6635
6640
6641
6642
6649
6650
6651
6652
6655
6656
6657
6658
6661
