7070
7071
7072
7073
7074
7075
7082
7083
7084
7085
7086
7087
7088
7089
7090
7091
7092
7093
7094
7095
7096
7097
7098
7099
7100
7101
7102
7103
7112
7114
7115
7116
7117
7118
7119
7120
7121
7122
7123
7124
7125
7126
7127
7128
7129
7130
7131
7132
7133
7134
7135
7136
7137
7138
7145
7146
7147
7148
7155
7156
7161
7162
7168
7169
7170
7171
7172
7174
7175
7176
7177
7178
7179
7180
7181
7182
7183
7184
7185
7186
7187
7188
7189
7190
7191
7192
7193
7199
7200
7201
7202
7203
7204
7212
7213
7214
7215
7228
7240
7241
