7242
7335
7361
7364
7366
7367
7370
7371
7373
7377
7378
7379
7382
7397
7398
7406
7411
7412
7414
7415
7416
7417
7418
7419
7420
7421
7422
7431
7432
7433
7434
7435
7436
7437
7452
7475
7476
7477
7478
7499
7505
7506
7508
7516
7517
7518
7519
7520
7521
7522
7523
7524
7525
7526
7527
7528
7533
7534
7535
7536
7537
7538
7539
7540
7541
7542
7543
7544
7545
7546
7548
7552
7553
7554
7555
7556
7557
7559
7560
7563
7564
7565
7566
7570
7571
7572
7574
7585
7586
7587
7588
7590
7591
7592
7593
7594
7595
7596
7599
7601

