7602
7603
7604
7606
7610
7611
7612
7613
7614
7615
7616
7617
7618
7619
7620
7621
7658
7659
7660
7704
7745
7746
7749
7762
7763
7764
7765
7766
7768
7769
7770
7772
7775
7776
7777
7778
7779
7780
7781
7782
7783
7784
7785
7786
7788
7789
7790
7791
7792
7793
7794
7795
7796
7797
7798
7799
7800
7801
7802
7803
7804
7805
7806
7807
7808
7809
7810
7811
7815
7823
7824
7825
7827
7828
7831
7832
7835
7836
7837
7838
7839
7840
7841
7842
7843
7844
7849
7850
7851
7852
7853
7854
7855
7859
7861
7862
7863
7864
7865
7866

