7867
7868
7869
7872
7884
7885
7887
7888
7889
7890
7901
7903
7912
7915
7916
7925
7927
7928
7930
7931
7938
7951
7952
7953
7954
7955
7956
7957
7958
7959
7960
7961
7962
7964
7965
7966
7967
7968
7969
7970
7971
7972
7974
7975
7978
7979
7980
7982
7985
7986
7988
7989
7990
7991
7992
7993
7994
7995
7996
7999
8000
8003
8005
8006
8009
8010
8012
8013
8014
8016
8018
8019
8020
8021
8022
8023
8024
8025
8026
8029
8030
8031
8034
8037
8038
8040
8047
8048
8049
8050
8078
8080
8082
8083
8084
8106
8107
8108
8109
8111

