8112
8113
8114
8116
8117
8118
8119
8121
8122
8123
8124
8125
8126
8127
8128
8131
8132
8133
8134
8135
8136
8137
8138
8141
8142
8143
8145
8146
8147
8148
8149
8150
8151
8152
8154
8155
8156
8157
8158
8159
8161
8162
8163
8164
8165
8166
8167
8170
8178
8179
8180
8181
8182
8183
8184
8185
8186
8187
8188
8189
8190
8191
8192
8193
8194
8195
8196
8197
8198
8199
8200
8201
8202
8203
8204
8205
8206
8207
8208
8210
8211
8212
8213
8216
8217
8218
8219
8220
8221
8222
8223
8224
8225
8226
8227
8228
8229
8230
8232
8234

