8235
8236
8237
8238
8239
8240
8241
8242
8243
8244
8245
8246
8247
8248
8251
8254
8255
8260
8261
8262
8263
8264
8267
8269
8288
8289
8297
8298
8314
8315
8316
8317
8318
8319
8320
8321
8322
8323
8327
8356
8357
8358
8359
8360
8361
8362
8363
8364
8365
8366
8367
8368
8369
8370
8371
8372
8373
8374
8375
8376
8377
8378
8379
8380
8381
8382
8383
8384
8385
8386
8387
8388
8389
8391
8392
8393
8396
8397
8398
8399
8400
8401
8402
8404
8405
8406
8407
8411
8412
8414
8416
8417
8418
8419
8420
8421
8423
8424
8425
8426

