8427
8428
8429
8430
8433
8434
8435
8436
8437
8438
8439
8440
8441
8443
8444
8445
8446
8447
8448
8449
8451
8456
8458
8459
8460
8461
8462
8463
8464
8465
8466
8467
8468
8469
8470
8471
8474
8475
8476
8477
8478
8479
8485
8489
8490
8491
8503
8504
8505
8506
8507
8508
8509
8510
8511
8512
8513
8514
8515
8516
8517
8518
8519
8520
8521
8522
8523
8524
8525
8526
8527
8528
8529
8530
8531
8532
8533
8534
8535
8536
8537
8539
8540
8541
8542
8543
8544
8545
8546
8547
8654
8655
8656
8671
8672
8673
8675
8676
8677
8679

