8680
8682
8683
8684
8685
8712
8713
8721
8722
8723
8724
8725
8726
8727
8728
8729
8730
8731
8732
8733
8734
8735
8736
8737
8738
8739
8740
8741
8742
8748
8749
8750
8751
8754
8755
8756
8757
8760
8761
8784
8785
8786
8793
8794
8795
8807
8808
8809
9020
9035
9036
9037
9038
9039
9040
9041
9042
9043
9044
9045
9046
9047
9048
9049
9050
9051
9052
9053
9054
9056
9057
9058
9068
9069
9070
9071
9072
9073
9074
9075
9076
9077
9078
9079
9080
9081
9082
9083
9084
9085
9086
9087
9095
9112
9113
9114
9115
9116
9117
9118

