9119
9120
9121
9122
9123
9136
9137
9138
9139
9140
9141
9142
9143
9144
9146
9147
9148
9149
9150
10007
10008
10009
10011
10012
10014
10015
10019
10028
10035
10042
10049
10056
10057
10059
10060
10061
10062
10063
10065
10066
10067
10068
10070
10072
10073
10074
10075
10076
10077
10080
10081
10082
10083
10084
10085
10088
10092
10093
10094
10099
10100
10101
10102
10114
10116
10131
10132
10135
10136
10138
10139
10140
10141
10149
10150
10151
10152
10154
10155
10156
10158
10159
10163
10164
10165
10166
10167
10170
10171
10172
10174
10175
10176
10177
10179
10185
10186
