10187
10190
10191
10194
10205
10207
10209
10210
10214
10215
10217
10218
10219
10235
10237
10238
10239
10240
10241
10242
10246
10247
10258
10259
10261
10262
10264
10265
10266
10267
10268
10269
10270
10271
10272
10273
10274
10275
10276
10277
10278
10279
10280
10282
10283
10284
10285
10286
10287
10288
10289
10291
10292
10293
10294
10295
10296
10299
10300
10301
10302
10303
10304
10305
10306
10307
10308
10309
10310
10311
10312
10313
10314
10316
10317
10319
10320
10321
10323
10326
10327
10328
10329
10330
10331
10332
10333
10334
10335
10336
10344
10345
10347
10348
10353
10357
10358
10359
10360
10361

