10366
10367
10368
10369
10371
10372
10373
10374
10379
10383
10411
10412
10414
10416
10417
10418
10419
10420
10421
10423
10426
10427
10428
10431
10435
10436
10437
10438
10439
10440
10441
10442
10443
10444
10445
10446
10447
10448
10449
10450
10451
10452
10453
10454
10455
10456
10457
10458
10459
10460
10461
10462
10463
10464
10465
10466
10467
10468
10469
10470
10471
10472
10473
10474
10475
10476
10477
10478
10480
10481
10482
10483
10484
10485
10487
10488
10489
10490
10491
10492
10494
10496
10497
10499
10500
10501
10503
10504
10506
10507
10508
10516
10517
10521
10522
10523
10524
10525
10526
10527
