10528
10529
10530
10531
10532
10533
10534
10535
10536
10537
10538
10539
10540
10541
10542
10543
10544
10545
10546
10547
10548
10549
10550
10551
10552
10553
10554
10572
10573
10574
10575
10577
10578
10579
10580
10581
10582
10583
10584
10585
10586
10587
10588
10589
10590
10591
10592
10593
10594
10596
10597
10598
10600
10602
10603
10604
10605
10606
10612
10732
10736
10750
10751
10752
10753
10754
10756
10758
10759
10760
10761
10763
10764
10765
10766
10767
10768
10769
10770
10771
10774
10775
10776
10777
10781
10782
10783
10784
10785
10786
10787
10788
10789
10790
10791
10792
10793
10794
10795
10796
