10797
10798
10799
10800
10801
10805
10806
10808
10809
10810
10811
10812
10813
10814
10815
10816
10817
10818
10819
10820
10821
10822
10823
10824
10825
10826
10827
10828
10829
10830
10832
10833
10834
10835
10836
10837
10838
10841
10842
10843
10845
10847
10848
10849
10850
10851
10852
10853
10855
10858
10859
10860
10861
10862
10863
10864
10865
10866
10867
10868
10870
10871
10873
10874
10876
10878
10879
10880
10881
10882
10884
10885
10886
10887
10890
10895
10896
10900
10902
10903
10904
10905
10907
10908
10919
10922
10923
10924
10925
10927
10928
10929
10934
10944
10945
10946
10947
10948
10956
10957
