10958
10966
10967
10968
10969
10970
10975
10976
10983
10984
10986
10988
10989
10990
10991
10993
10994
10995
10996
10997
11000
11004
11005
11006
11007
11008
11009
11011
11012
11015
11016
11017
11019
11020
11021
11022
11040
11042
11050
11051
11052
11053
11054
11055
11057
11058
11059
11079
11080
11081
11082
11083
11086
11091
11092
11093
11094
11095
11096
11097
11101
11103
11104
11105
11106
11107
11108
11109
11110
11111
11112
11113
11114
11115
11116
11117
11118
11119
11120
11121
11122
11123
11124
11125
11126
11127
11128
11129
11130
11131
11132
11133
11134
11135
11136
11137
11138
11139
11140
11141
