1404
1405
1406
1407
1408
1430
1437
1438
1439
1440
1441
1442
1444
1447
1450
1451
1452
1454
1463
1465
1466
1467
1468
1469
1470
1471
1472
1473
1475
1476
1479
1480
1481
1484
1485
1486
1489
1498
1499
1500
1501
1502
1503
1504
1505
1506
1507
1508
1509
1510
1511
1512
1513
1518
1519
1523
1524
1528
1529
1530
1531
1532
1535
1536
1537
1548
1639
1662
1663
1664
1666
1667
1668
1670
1671
1672
1673
1674
1679
1680
1682
1683
1684
1685
1688
1689
1700
1703
1757
1758
1763
1764
1765
1766
1767
1768
1769
1770
1771
1772
