1773
1774
1775
1776
1777
1778
1781
1782
1783
1784
1785
1786
1789
1790
1791
1792
1814
1815
1816
1817
1818
1819
1820
1821
1834
1835
1836
1837
1839
1840
1872
1873
1874
1875
1876
1877
1894
1896
1899
1900
1901
1923
1924
1925
1926
1927
1928
1936
1939
1969
1970
1984
1988
1989
1997
1998
2005
2018
2019
2020
2021
2022
2028
2038
2043
2049
2056
2057
2059
2069
2074
2078
2079
2094
2096
2098
2103
2107
2114
2115
2116
2117
2118
2119
2120
2121
2122
2123
2124
2125
2126
2135
2136
2137
2138
2139
2143
2144
2145
2146
