2147
2150
2152
2164
2165
2166
2167
2182
2204
2206
2207
2208
2209
2211
2213
2214
2216
2217
2219
2222
2224
2225
2226
2227
2228
2229
2230
2231
2232
2233
2236
2237
2238
2239
2240
2241
2242
2243
2244
2245
2251
2252
2255
2258
2259
2261
2262
2263
2264
2291
2292
2306
2307
2308
2309
2310
2312
2313
2314
2315
2316
2319
2320
2321
2327
2333
2334
2341
2342
2343
2344
2345
2346
2347
2351
2354
2355
2359
2360
2361
2362
2363
2364
2365
2366
2367
2368
2369
2370
2371
2372
2373
2374
2375
2376
2377
2378
2379
2380
2381

