2383
2384
2390
2391
2404
2405
2406
2407
2409
2412
2415
2416
2423
2424
2426
2427
2439
2442
2443
2446
2447
2473
2477
2499
2500
2501
2502
2503
2504
2505
2507
2508
2509
2510
2511
2512
2514
2515
2519
2521
2522
2523
2524
2525
2528
2529
2530
2534
2535
2536
2537
2540
2543
2563
2564
2574
2575
2576
2578
2585
2640
2646
2647
2651
2652
2653
2654
2655
2656
2657
2658
2659
2660
2661
2663
2664
2665
2666
2667
2668
2669
2671
2672
2673
2674
2679
2680
2681
2682
2683
2685
2689
2690
2691
2692
2693
2694
2695
2696
2697
