2698
2699
2700
2701
2702
2703
2704
2707
2708
2710
2713
2716
2718
2719
2720
2721
2722
2723
2724
2726
2727
2728
2729
2730
2731
2732
2733
2734
2735
2737
2741
2742
2743
2744
2747
2748
2749
2754
2755
2756
2762
2763
2774
2785
2786
2787
2788
2789
2790
2793
2794
2796
2810
2811
2827
2828
2830
2831
2832
2847
2849
2856
2857
2858
2859
2860
2949
2950
2951
2952
2953
2954
2955
2956
2957
2959
2960
2961
3032
3060
3071
3074
3075
3077
3078
3079
3080
3087
3094
3096
3098
3101
3113
3153
3154
3155
3157
3158
3159
3160
