3162
3164
3165
3166
3273
3276
3278
3281
3284
3285
3287
3288
3289
3290
3291
3293
3295
3296
3297
3298
3299
3300
3301
3302
3303
3304
3305
3306
3312
3313
3314
3315
3316
3317
3337
3346
3349
3387
3401
3406
3409
3410
3411
3412
3413
3417
3452
3453
3455
3497
3498
3499
3516
3521
3529
3531
3538
3541
3547
3548
3553
3555
3557
3571
3587
3597
3605
3609
3611
3612
3613
3615
3619
3625
3643
3664
3665
3666
3667
3680
3682
3683
3685
3689
3690
3691
3692
3693
3697
3715
3716
3717
3719
3720
3722
3723
3724
3725
3730
3731

